/begin_header
/identifier_product_doi=10.5067/SeaBASS/CLIVEC/DATA001
/received=20120801
/investigators=Antonio_Mannino,Margaret_Mulholland
/affiliations=Goddard_Space_Flight_Center,Old_Dominion_University
/contact=antonio.mannino@nasa.gov,mmulholl@odu.edu
/experiment=CliVEC
/cruise=CV6
/station=2,7,8,10,11A,12A,14,19,21A,23,26,28A,30,31A,33,38,39A,40,41,42,43,49,50,52,54,54A,56,61,63,64,64A,55,66,72,74,76,77,79,84,74,76,77,79,84,87,88,89A,91,98,101,102,103A,109,105,110,112,113,114A,116,120,121A,122,123,124,129,131A,132,132A,133,136,138A,140,141,142,146,146A,147,149,150,152,155,156,161,169,172,173,176,181,185,188,197,201,202,206,213,216,218,220
/data_file_name=CV6_OM_seabass.xlsx
/documents=DOM_method_CV6.txt,POC_method_CV6.txt
/calibration_files=no_cal_file.txt
/data_type=pigment
/data_status=preliminary
/start_date=20110602
/end_date=20110621
/start_time=12:00:00[GMT]
/end_time=22:00:00[GMT]
/north_latitude=43.9281[DEG]
/south_latitude=36.1867[DEG]
/east_longitude=-75.7894[DEG]
/west_longitude=-65.7698[DEG]
/water_depth=306
/cloud_percent=NA
/secchi_depth=NA
/wave_height=NA
/wind_speed=NA
!
!   COMMENTS   Pigments not found and those with SNR of 4 or less are given a concentration of 0.001,
!   Samples were collected with Go-Flo bottles deployed from a rosette; samples with depth designation 0  were collected from the ship's seawater flow-through system nominally 3.7m depth.
!   Depth values adjusted by 0.87m from CTD sensor to center of sampling bottle.
!   Units for DOC are umol/L and not in umol/kg
!   The CDOM S paramater is calculated from a non-linear fitting function from 300-600nm
!   Values listed as -777 are below the detection limit
!
/missing=-999
/delimiter=tab
/fields=date,time,station,lat,lon,depth,water_depth,DOC,TDN,POC,PN,S_ag,ag355,ag380,ag412,ag443
/units=yyyymmdd,hh:mm:ss,none,degrees,degrees,m,m,umol/L,mg/m^3,mg/m^3,mg/m^3,slope,1/m,1/m,1/m,1/m
/end_header
20110602	23:42:00	2	41.2145	-70.9100	3.0	31.79	87.11493839	86.9580549	362.7336168	46.97322399	0.018781259	0.428627093	0.281932586	0.170430215	0.101611976
20110602	17:50:00	2	41.2145	-70.9100	18.3	31.79	88.44275534	90.26350219	301.5972747	38.77423021	0.019221153	0.482404391	0.300867648	0.166057817	0.098001584
20110602	17:47:00	2	41.2145	-70.9100	28	31.79	90.34980054	98.94742071	482.6866805	69.99190235	0.018793051	0.424487431	0.270947059	0.161139644	0.090265558
20110603	22:20:00	7	40.4756	-71.7847	3	71	86.69919447	67.47491561	273.0532556	31.30304237	0.020532509	0.262512392	0.167392191	0.098789768	0.059926268
20110603	22:18:00	7	40.4756	-71.7847	19	71	84.12717336	-999.00	277.7826442	36.41782614	0.017516092	0.357867595	0.240629342	0.155994434	0.099255053
20110603	22:16:00	7	40.4756	-71.7847	33	71	90.25496887	-999.00	243.6800612	32.96018851	0.020611985	0.262972941	0.16587118	0.098907146	0.058018196
20110603	12:35:00	8	40.3093	-72.0794	0	63	85.87832796	-999.00	236.5383068	47.63276043	0.019834376	0.301225213	0.196336969	0.120016523	0.070580897
20110603	15:49:00	10	40.3477	-72.5538	2.7	50	87.73726153	74.87462291	241.7377829	44.44896178	0.020568012	0.342912632	0.218352125	0.122210328	0.072592466
20110603	15:49:00	10	40.3477	-72.5538	30	50	-999	-999.00	387.4601745	75.5392392	0.017940588	0.406124385	0.27193691	0.168991115	0.097377361
20110603	15:49:00	10	40.3477	-72.5538	48	50	79.64491279	109.2613693	362.6572036	73.73655632	0.01774842	0.416334027	0.280143318	0.174939879	0.099162269
20110603	16:33:00	11A	40.1483	-72.6899	0	57.9	88.27208101	90.92864966	238.8428551	44.22309452	-999	-999	-999	-999	-999
20110603	20:47:00	12A	39.9245	-72.4391	0	71.79	83.19555268	69.68657679	202.0172053	31.16419539	0.021540095	0.228677418	0.143649866	0.085202276	0.051216868
20110603	23:48:00	14	39.7255	-72.4950	2.8	82.5	82.24196674	74.81223596	234.775802	41.22386543	0.022104854	0.209468062	0.129456782	0.068209095	0.039639216
20110603	23:48:00	14	39.7255	-72.4950	23.4	82.5	76.23101858	70.99827883	224.2102431	50.41233376	0.020199292	0.208906179	0.130400746	0.075712423	0.043595623
20110603	23:48:00	14	39.7255	-72.4950	34	82.5	80.72232739	89.19343765	376.3904332	76.2261847	-999	-999	-999	-999	-999
20110604	10:37:00	19	39.2282	-73.2778	3	59.6	97.47011481	100.9036145	213.4995937	44.35793506	0.020715149	0.454562785	0.284127369	0.163782794	0.095482339
20110604	10:37:00	19	39.2282	-73.2778	17	59.6	93.47603439	-999.00	570.2589034	88.54399517	0.019766479	0.47439513	0.299762527	0.17457251	0.096018748
20110604	10:37:00	19	39.2282	-73.2778	27	59.6	88.36949333	101.79	348.4559249	70.18725231	0.01794803	0.44353752	0.282450135	0.175475512	0.099926446
20110604	14:47:00	21a	38.7336	-73.1452	0	121	94.15869883	84.08706806	147.6510953	24.53379191	0.021919033	0.282193182	0.174879299	0.100760249	0.059309075
20110604	17:29:00	22	38.4907	-73.3981	3	110	77.55415516	61.21351871	174.2481327	33.20097245	0.023870732	0.113190621	0.065652243	0.034411349	0.016787827
20110604	17:26:00	22	38.4907	-73.3981	51	110	69.24538426	62.4646693	217.3581563	45.85406287	0.017820635	0.18758784	0.125010494	0.080564122	0.04761889
20110604	17:25:00	22	38.4907	-73.3981	63	110	68.70667696	88.99802148	269.6721839	59.96018723	0.017867419	0.230396963	0.152427267	0.098300188	0.055590548
20110604	17:25:00	22	38.4907	-73.3981	108	110	-999	-999	-999	-999	0.017627825	0.030763583	0.014161975	0.01951872	0.012482812
20110604	22:51:00	22A	38.0634	-73.8406	0	306	78.92496397	78.22215941	146.8185265	26.67490948	-999	-999	-999	-999	-999
20110604	23:59:00	23	38.0577	-73.8483	2.8	271	79.76325103	69.62891832	168.1724166	32.77865209	0.018712259	0.123219499	0.081074927	0.051539593	0.034878605
20110604	23:59:00	23	38.0577	-73.8483	16.2	271	72.41028963	70.41407575	202.49722	41.13724725	0.018942001	0.154272092	0.101478748	0.064675557	0.041266708
20110604	23:59:00	23	38.0577	-73.8483	37	271	70.52481409	72.18061051	253.577671	57.8889592	0.017344217	0.195644995	0.13350852	0.086415892	0.054716183
20110604	23:59:00	23	38.0577	-73.8483	263	271	45.93955979	371.6789146	-999	-999	0.018152459	0.085352035	0.06288046	0.041231423	0.027169684
20110604	10:17:00	26	37.2250	-75.2422	3.2	28	110.8534821	92.07603965	179.4814467	42.77520971	0.022159571	0.355876505	0.213851864	0.117904394	0.069323835
20110605	10:15:00	26	37.2250	-75.2422	20	28	84.19451177	70.27275297	431.3209533	87.67429188	0.018161726	0.381289656	0.246671691	0.152385092	0.083379045
20110605	10:17:00	26	37.2250	-75.2422	0	28	115.7685451	88.91878061	152.4842381	31.379651	0.021902776	0.35509003	0.216270032	0.120055611	0.068361763
20110605	13:47:00	28A	36.9770	-74.9791	0	-999	-999	-999	143.6571703	28.94811009	0.020135944	0.447789807	0.282542739	0.166096917	0.103348118
20110605	16:48:00	30	36.8952	-74.9378	3	38	-999	95.28319068	142.7334429	-999	0.021766541	0.391809044	0.237911707	0.132982325	0.076118926
20110605	16:48:00	30	36.8952	-74.9378	11	38	102.3595511	80.40815403	190.8771174	47.38841791	0.020189489	0.397884649	0.24831824	0.144231778	0.085372111
20110605	16:48:00	30	36.8952	-74.9378	25	38	75.04419243	144.3039225	498.3206939	98.04179028	0.017900822	0.366297879	0.242502574	0.150767836	0.084191427
20110605	20:34:00	31A	36.3410	-74.8937	0	-999	110.9621503	92.85697603	139.406637	29.64637996	0.021178375	0.378953883	0.230708425	0.130289207	0.076879465
20110605	23:40:00	33	36.1867	-75.1489	3.2	36.6	102.3504825	99.54470952	144.3456066	32.6792284	0.022364191	0.319599165	0.190785919	0.103294771	0.060928514
20110605	23:38:00	33	36.1867	-75.1489	23.7	36.6	79.34327942	100.4841419	156.7131784	39.08993312	0.017142035	0.366226181	0.239930415	0.150027506	0.090542285
20110605	23:37:00	33	36.1867	-75.1489	31.9	36.6	76.10895803	-999	306.3859435	69.2765415	0.017646643	0.362848922	0.234558995	0.151045756	0.085570619
20110606	10:25:00	38	36.4451	-75.7894	3	18	123.3396115	111.5433054	343.8362186	62.50785204	0.020206442	0.509770523	0.316201036	0.177960915	0.106712598
20110606	10:25:00	38	36.4451	-75.7894	11	18	91.36402701	-999.00	540.7624172	81.41792102	0.017586812	0.423053222	0.271206155	0.173430518	0.10175169
20110606	14:00:00	39A	36.9499	-75.7334	0	17.8	121.4811678	104.8922939	213.5655287	38.75940384	0.020038881	0.431745084	0.264947953	0.15588842	0.093429051
20110606	16:20:00	40	37.3073	-75.6812	0	10.9	123.3214576	120.9066005	355.2395885	57.97110411	0.018665297	0.636598932	0.401221982	0.238669009	0.138928371
20110606	17:24:00	41	37.3952	-75.5730	3.1	18	119.8823431	104.878963	253.9656273	46.08892787	0.021365174	0.423865001	0.251901904	0.142671375	0.08177616
20110606	17:24:00	41	37.3952	-75.5730	11	18	95.62517082	-999	421.8397673	68.7476004	0.018449399	0.50559712	0.318105904	0.193928496	0.115697559
20110606	17:22:00	41	37.3952	-75.5730	15	18	97.05497242	-999.00	521.9843474	82.67217759	0.017899264	0.503425113	0.320569875	0.198566655	0.117765678
20110606	21:11:00	42	37.93284	-75.1805	0	16.2	116.0587633	109.0187503	347.5611513	59.34910985	0.018555892	0.561297204	0.355937789	0.211843167	0.127214667
20110606	23:59:00	43	38.1512	-74.7295	3.2	34.98	112.475495	86.65386785	202.5078896	35.17208637	0.020140997	0.450593309	0.278051793	0.15911985	0.091959965
20110606	23:58:00	43	38.1512	-74.7295	17.3	34.98	-999	82.17082499	444.7856568	78.61208476	0.017912748	0.441465651	0.283345497	0.177571907	0.10320442
20110606	23:58:00	43	38.1512	-74.7295	0	34.98	113.1407898	124.8072762	189.8007118	33.62777473	0.020006714	0.442859087	0.277334552	0.158110599	0.091592563
20110607	10:18:00	49	38.9217	-73.8967	3	39	-999	77.72718995	106.7640277	19.98315708	0.020909521	0.308449857	0.189021491	0.11261374	0.067585468
20110607	10:18:00	49	38.9217	-73.8967	20.5	39	-999	-999	551.8857663	78.57312175	0.018124622	0.416350812	0.267206517	0.164722151	0.092256752
20110607	10:18:00	49	38.9217	-73.8967	0	39	96.17509451	99.53455017	112.8865811	19.49644567	0.021142519	0.291335767	0.181005323	0.105226137	0.061236106
20110607	12:50:00	50	39.0617	-74.4098	0	25	116.8522255	107.7423343	299.8307852	48.04375579	-999	0.51344535	0.32175845	0.1845882	0.101939887
20110607	15:08:00	52	39.1736	-74.1058	2.8	28.6	109.5319058	89.77214368	273.7902843	47.24332036	0.020052382	0.503715516	0.310410765	0.177202161	0.099473298
20110607	15:06:00	52	39.1736	-74.1058	13.5	28.6	93.59048051	88.05809277	435.6952166	77.48983848	0.017994277	0.495199285	0.323172958	0.198731189	0.110204739
20110607	15:04:00	52	39.1736	-74.1058	0	28.6	109.3182708	97.10435258	221.0729801	37.12325634	0.019016968	0.520096493	0.330847799	0.194539983	0.113050257
20110607	18:14:00	54	39.5229	-74.1185	3	19.2	-999	115.7894737	496.4764064	93.2869068	0.018640547	0.592611334	0.381087619	0.220038541	0.127561229
20110607	18:14:00	54	39.5229	-74.1185	14	19.2	98.92471299	105.7250086	585.7703136	112.3022942	0.018000872	0.588901177	0.382716988	0.231333098	0.130946725
20110607	20:58:00	54A	39.9715	-74.0304	0	21.89	126.5218872	101.91222	416.8570106	71.20057556	0.018188744	0.710571666	0.461669639	0.26503162	0.154919885
20110607	23:59:00	56	40.3269	-73.7381	3	27.44	138.8590919	117.8985193	670.8436165	121.141473	0.017248349	1.260285374	0.826561722	0.480847443	0.276650369
20110607	23:59:00	56	40.3269	-73.7381	10.2	27.44	95.52359212	140.1111626	599.6599682	98.66680483	0.016630754	0.563591492	0.379860989	0.234173247	0.142707707
20110607	23:59:00	56	40.3269	-73.7381	22.4	27.44	85.21252973	169.1176471	426.3578327	69.74635939	0.018247683	0.474266465	0.314695136	0.181822585	0.104094354
20110608	10:29:00	61	40.7280	-72.1471	2.8	-999	104.6276644	94.5242081	316.5043215	53.60386064	0.019119185	0.060916104	0.091329212	0.16588811	0.279796011
20110608	10:27:00	61	40.7280	-72.1471	14.9	-999	-999	-999.00	318.0055206	51.88615384	0.018735641	0.357809352	0.235033219	0.140378577	0.07936406
20110608	10:24:00	61	40.7280	-72.1471	23.1	-999	84.60340644	81.73261838	305.1398938	59.31600543	0.017961205	0.392417029	0.262133413	0.165071856	0.092174633
20110608	15:32:00	63	40.2910	-71.2852	0.0	91.0	80.40389598	146.8852836	142.5070854	17.61752443	0.017864278	0.276845945	0.184350187	0.114337526	0.071211868
20110608	17:24:00	64	40.1444	-71.0815	2.5	146.8	83.44418354	102.8817777	261.6263016	37.63506988	0.020563418	0.203496396	0.130662981	0.071350794	0.043721704
20110608	17:22:00	64	40.1444	-71.0815	19.0	146.8	80.54292791	-999.00	294.7226832	43.73868211	0.019897115	0.179341408	0.117313387	0.067115176	0.039127043
20110608	17:20:00	64	40.1444	-71.0815	34.0	146.8	75.08440407	82.98464745	352.3143876	58.23669177	0.018916154	0.229011487	0.153262307	0.091825869	0.052494099
20110608	17:20:00	64	40.1444	-71.0815	144.0	146.8	53.3355732	310.2130616	-999	-999	0.018288389	0.029987382	0.014758175	0.020207377	0.014716309
20110608	20:36:00	64A	40.0990	-70.4576	0.0	128.7	79.60865748	97.61477942	187.5497607	26.83435532	0.019643588	0.202972037	0.12965212	0.074881687	0.045451252
20110608	23:46:00	66	40.1500	-69.9286	2.8	105.4	79.4498406	85.00257125	261.6263016	37.63506988	0.020309142	0.208011375	0.129094433	0.076680173	0.045981957
20110608	23:46:00	66	40.1500	-69.9286	18.1	105.4	81.09930389	101.0305697	358.9633742	60.5808619	0.018445443	0.261552892	0.171398072	0.104676646	0.065703433
20110608	23:46:00	66	40.1500	-69.9286	31.3	105.4	79.15653032	119.6155628	352.3143876	58.23669177	0.018058	0.27174826	0.180032815	0.111117233	0.069375723
20110608	23:46:00	66	40.1500	-69.9286	102.0	105.4	64.20677601	258.1635016	-999	-999	0.01686833	0.212117792	0.145736001	0.09647015	0.059551476
20110609	 09:51:00	72	40.9769	-69.4971	2.5	36.5	90.01253283	67.97747258	326.0610579	49.44497142	0.018302544	0.06342158	0.095633503	0.175479759	0.290087145
20110609	 09:51:00	72	40.9769	-69.4971	33.0	36.5	82.28958132	109.4835572	312.0554724	53.91526494	0.018361774	0.066286802	0.102752782	0.175809453	0.29541968
20110609	 09:51:00	72	40.9769	-69.4971	0.0	36.5	89.25473938	116.836281	290.4182234	47.63337645	0.017888022	0.071845369	0.102154008	0.185097643	0.303813923
20110609	12:53:00	74	40.8108	-69.2138	0.0	64.8	85.50022108	114.0961332	277.593154	43.76879248	0.017587804	0.452910281	0.296339599	0.183412553	0.112722268
20110609	16:13:00	76	40.6376	-68.8448	2.5	67.4	77.09852548	80.79678519	314.4481555	47.36843858	0.018777366	0.265162322	0.170723991	0.104721535	0.066235962
20110609	16:13:00	76	40.6376	-68.8448	14.6	67.4	74.64330293	91.65122742	516.7128075	92.11407047	0.01771283	0.309688827	0.204533057	0.130947577	0.079659881
20110609	16:13:00	76	40.6376	-68.8448	0.0	67.4	79.78363185	-999	306.5249109	33.87585051	0.019621845	0.035264384	0.04763147	0.086680314	0.143775095
20110609	20:03:00	77	40.2698	-68.5483	0.0	136	80.44389133	96.11763891	201.71553	30.0921732	0.019906733	0.251989648	0.159510684	0.096095758	0.05558695
20110609	23:22:00	79	40.6417	-68.3058	2.8	79.34	78.23659311	89.59094951	212.6075398	32.3188733	0.020866569	0.225883154	0.138052146	0.083769894	0.050113006
20110609	23:20:00	79	40.6417	-68.3058	16.7	79.34	75.3119403	68.14277425	306.6152754	42.20978055	0.018936058	0.289130441	0.182698515	0.114246539	0.06562482
20110609	23:16:00	79	40.6417	-68.3058	26.6	79.34	75.28306549	94.1987031	473.0333179	82.24661057	0.018364769	0.297119609	0.186337849	0.119291212	0.069603574
20110610	10:42:00	84	40.8960	-67.9677	2.6	55.8	81.22708721	49.38604122	313.0127516	50.83030734	0.017895149	0.287925976	0.187123344	0.121450335	0.074901391
20110610	10:40:00	84	40.8960	-67.9677	32.3	55.8	80.42478071	109.2519685	894.7378144	136.0882486	0.017774672	0.317572312	0.204519942	0.132488535	0.081721369
20110610	10:37:00	84	40.8960	-67.9677	49.2	55.8	76.49126913	119.3839741	508.0850904	80.91630594	0.01823671	0.31143652	0.197962218	0.127297393	0.073213893
20110610	15:02:00	87	41.1846	-68.2472	2.6	46.06	78.98888547	99.69893469	286.9941226	44.81641803	0.017076466	0.353768063	0.232574347	0.157573377	0.093021983
20110610	15:00:00	87	41.1846	-68.2472	40.3	46.06	73.85286464	-999.00	508.0850904	80.91630594	0.017533835	0.356455418	0.234793313	0.152744246	0.088091117
20110610	15:02:00	87	41.1846	-68.2472	0	46.06	79.40496947	-999.00	273.9921084	43.52646622	0.017516088	0.352325821	0.227354513	0.149614196	0.090497157
20110610	17:30:00	88	41.0194	-67.9153	3.1	44.67	79.70718938	115.8104919	360.7648291	58.01839219	0.017524962	0.35439062	0.231073913	0.151179221	0.089294137
20110610	17:27:00	88	41.0194	-67.9153	41.4	44.67	75.22767155	-999.00	360.345806	56.64216459	0.017317576	0.367386966	0.247162866	0.159589431	0.097289413
20110610	21:04:00	89A	41.0683	-67.3041	0.0	66.77	77.4238924	102.9800938	212.4670339	25.98377548	0.01911763	0.245961587	0.163597819	0.101122363	0.062083186
20110610	23:46:00	91	41.1322	-66.8286	2.8	74.54	78.35016944	132.601198	318.6254532	52.01833795	0.019267012	0.271443476	0.180884129	0.108955352	0.066152391
20110610	23:45:00	91	41.1322	-66.8286	10.2	74.54	73.37696994	-999.00	298.6188601	46.66412423	0.017797333	0.293801315	0.198727196	0.128291278	0.084524733
20110610	23:43:00	91	41.1322	-66.8286	29.7	74.54	-999	-999.00	-999	-999	0.019166135	0.287676879	0.191601829	0.114517328	0.067264593
20110611	 09:31:00	98	41.5719	-67.0871	3.0	60.87	80.40234117	-999.00	427.6901276	47.9383252	0.016377606	0.350674979	0.243998573	0.162040512	0.101283907
20110611	 09:31:00	98	41.5719	-67.0871	57.0	60.87	82.51883721	97.39614816	575.8778216	101.2501231	0.018101425	0.315269363	0.21059069	0.134797466	0.07910025
20110611	 09:31:00	98	41.5719	-67.0871	0.0	60.87	83.8293025	114.5398439	500.2444456	76.15091375	0.017048166	0.33344052	0.229575255	0.152501725	0.092106503
20110611	15:39:00	101	41.4176	-68.0373	3.0	40	84.16409923	201.7607551	358.7892459	53.52655873	0.017216795	0.341878472	0.232713189	0.155325295	0.095040564
20110611	15:37:00	101	41.4176	-68.0373	35.4	40	79.70473696	-999.00	422.017567	67.35558733	0.017708208	0.33485544	0.228725457	0.148572876	0.087828099
20110611	17:32:00	102	41.5244	-68.3148	3.1	-999	83.4485342	135.1170043	372.9609655	60.43627188	0.017238551	0.343697125	0.236932085	0.152847365	0.093097492
20110611	17:29:00	102	41.5244	-68.3148	40.4	-999	75.66178267	109.6146509	328.9878653	52.00853869	0.016837924	0.358834219	0.24780207	0.165769304	0.102982161
20110611	20:30:00	103A	41.7686	-68.1830	0.0	65.32	83.75798469	-999.00	-999	-999	0.017300048	0.347988642	0.235583691	0.155083721	0.096818074
20110611	23:37:00	105	41.9293	-67.6122	2.9	39.5	81.64893879	177.1646397	343.1248301	50.5549924	0.017553208	0.331285325	0.222965085	0.144515986	0.08667069
20110611	23:37:00	105	41.9293	-67.6122	34.5	39.5	78.38903416	92.48378481	379.2817877	55.92120215	0.017665739	0.329215672	0.220305099	0.141392008	0.085088607
20110612	 09:53:00	110	42.0604	-66.3176	2.9	91.9	77.69831979	84.83079161	187.4661915	31.62131588	0.020458878	0.246417397	0.154360891	0.090884762	0.053121076
20110612	 09:51:00	110	42.0604	-66.3176	16.1	91.9	75.70534898	-999.00	190.1296805	34.71734871	0.018290105	0.307673984	0.199559134	0.12644125	0.075857188
20110612	 09:49:00	110	42.0604	-66.3176	32.1	91.9	68.13352294	145.8603586	379.2817877	55.92120215	0.018581443	0.303103682	0.198674411	0.118919525	0.068235477
20110612	 09:49:00	110	42.0604	-66.3176	86.0	91.9	68.75216465	186.2647844	-999	-999	0.019042479	0.279875349	0.178840667	0.109091414	0.062727636
20110612	13:49:00	112	42.2237	-65.7680	0.0	224.7	84.89784205	66.23426173	241.5000628	36.49375389	0.018435774	0.305388833	0.199116773	0.122680388	0.072046332
20110612	16:40:00	113	42.3923	-65.8535	2.3	182.9	78.01220932	99.92739154	160.195402	27.61652187	0.019399691	0.330988308	0.210725257	0.124611491	0.075877012
20110612	16:36:00	113	42.3923	-65.8535	14.2	182.9	73.0216638	60.89278901	172.9590916	28.04479115	0.018139228	0.372777025	0.240211925	0.149781815	0.092879073
20110612	16:35:00	113	42.3923	-65.8535	65.7	182.9	66.80910687	133.8038916	92.58467234	15.11780972	0.018651724	0.298315293	0.190953624	0.11920867	0.068653875
20110612	16:28:00	113	42.3923	-65.8535	80.5	182.9	65.7025224	156.6577642	96.35508214	13.20734794	-999	-999	-999	-999	-999
20110612	16:28:00	113	42.3923	-65.8535	176.0	182.9	55.02877452	273.1400229	-999	-999	0.016289577	0.124089974	0.089500409	0.065497009	0.042941802
20110612	20:30:00	114A	42.7862	-66.4013	0.0	97.16	79.40998566	149.0288619	215.2364444	30.87946723	0.019352728	0.340836515	0.216142426	0.127762319	0.073465519
20110612	23:42:00	116	42.6634	-66.9210	0.0	233.74	-999	-999.00	153.6703986	25.19874185	0.020321581	0.260225021	0.16310815	0.093342504	0.051520441
20110613	 09:51:00	120	42.7233	-67.9106	2.8	187.6	-999	-999.00	204.9258136	33.45055692	0.019765776	0.298774117	0.192315445	0.112443118	0.066449364
20110613	 09:49:00	120	42.7233	-67.9106	22.1	187.6	76.31527743	86.98969859	223.1994739	37.70785878	0.018835311	0.3341777	0.214311402	0.127261768	0.072099961
20110613	 09:47:00	120	42.7233	-67.9106	58.4	187.6	-999	-999	114.7205888	12.63636046	0.018786695	0.31829622	0.20565789	0.12335482	0.068164676
20110613	 09:47:00	120	42.7233	-67.9106	182.0	187.6	47.5005148	265.7382678	-999	-999	0.019136512	0.026939664	0.016384272	0.020110706	0.017152014
20110613	14:30:00	121A	43.1728	-67.5629	0.0	201.43	78.13634952	72.45326211	192.5302528	33.41698609	0.020432284	0.258688453	0.159127766	0.0918271	0.048313895
20110613	16:35:00	122	43.2654	-67.5131	0.0	201.1	73.81457079	64.74628005	196.2875654	30.50957535	0.018686302	0.290810727	0.187965052	0.116275243	0.067945597
20110613	16:35:00	122	43.2654	-67.5131	61.4	201.1	-999	-999.00	-999	-999	0.018539469	0.192497407	0.129579654	0.079683254	0.04580604
20110613	16:35:00	122	43.2654	-67.5131	195.0	201.1	-999	-999.00	-999	-999	0.019332999	0.026459784	0.017241873	0.020433767	0.017475194
20110613	20:34:00	123	43.4362	-66.8142	0.0	206.58	-999	-999.00	294.9704779	44.70936954	0.01906911	0.284403459	0.181673713	0.11070875	0.066863463
20110613	23:48:00	124	43.8701	-66.6109	2.7	103.19	70.22230387	-999.00	154.885	43.87005	0.018547643	0.383580777	0.250700966	0.149543395	0.083785869
20110613	23:47:00	124	43.8701	-66.6109	20.4	103.19	73.18916007	-999.00	263.2640971	42.33581245	0.019233957	0.346946144	0.229386166	0.132008665	0.074369385
20110613	23:46:00	124	43.8701	-66.6109	33.5	103.19	69.65511077	-999.00	165.1804133	23.96809842	0.018063958	0.332289215	0.218770751	0.135570315	0.079854996
20110613	23:46:00	124	43.8701	-66.6109	95.0	103.19	66.24322614	-999.00	-999	-999	0.019683463	0.280966057	0.17981861	0.105584563	0.057599641
20110614	 09:47:00	129	43.4948	-67.6516	2.5	229.75	75.46665851	-999.00	458.4032195	69.45986582	0.018966612	0.315262807	0.20411058	0.121345819	0.070243777
20110614	 09:45:00	129	43.4948	-67.6516	33.6	229.75	70.44918111	-999.00	-999	-999	0.019203301	0.297911163	0.192116104	0.115552122	0.068613659
20110614	 09:41:00	129	43.4948	-67.6516	53.1	229.75	72.77030978	-999.00	278.8660434	36.26088278	0.019662054	0.280520133	0.173899226	0.102543056	0.056473815
20110614	 09:41:00	129	43.4948	-67.6516	224.0	229.75	52.56078342	-999.00	-999	-999	0.016694862	0.193126193	0.134065144	0.088233101	0.055177517
20110614	14:35:00	131A	43.2273	-67.9812	0.0	203	71.57484125	-999.00	195.1947997	23.55853058	0.018527831	0.287287233	0.189043369	0.115610622	0.071149467
20110614	16:35:00	132	43.2184	-68.3656	2.5	184.5	75.70226179	-999.00	188.8743797	27.22403041	0.018513691	0.286288362	0.188146945	0.115894593	0.072481632
20110614	16:35:00	132	43.2184	-68.3656	29.3	184.5	74.37590255	-999.00	255.9494325	27.09047708	0.018772555	0.308015955	0.201070727	0.12254399	0.073432229
20110614	16:35:00	132	43.2184	-68.3656	175.7	184.5	56.97616353	-999.00	211.7695528	11.52582083	0.018028181	0.21919974	0.147357883	0.095809851	0.056548555
20110614	20:33:00	132A	43.6678	-68.6027	0.0	157.23	72.99718702	-999.00	215.5918148	26.68284303	0.018332228	0.049302217	0.069834055	0.1228913	0.199468515
20110614	23:54:00	133	43.9281	-68.7546	2.6	77.8	85.73721659	-999.00	467.8848274	67.56448787	0.018513691	0.049515145	0.067836009	0.109613275	0.17276992
20110614	23:52:00	133	43.9281	-68.7546	14.7	77.8	78.1019249	-999.00	430.3306623	54.91577726	0.017831319	0.509978834	0.335259774	0.201414014	0.116917325
20110614	23:50:00	133	43.9281	-68.7546	29.5	77.8	76.90645637	-999.00	368.7725909	-999	0.017921567	0.499294155	0.322496727	0.194171904	0.110298965
20110615	 09:52:00	136	43.1780	-69.3200	2.6	192	77.19441594	-999.00	233.3127265	29.71359718	0.020071673	0.273922614	0.177194537	0.096203129	0.053473045
20110615	 09:51:00	136	43.1780	-69.3200	17.6	192	78.4509668	-999.00	278.2077986	31.43750939	0.019495257	0.286639586	0.181413444	0.108554431	0.063962274
20110615	 09:48:00	136	43.1780	-69.3200	37.4	192	71.02510025	-999.00	123.0569421	9.052749442	0.019106532	0.306960642	0.198921869	0.115542714	0.063123435
20110615	 09:48:00	136	43.1780	-69.3200	186.0	192	61.00759754	-999.00	-999	-999	0.018487878	0.266305598	0.173930551	0.106799949	0.063437257
20110615	14:31:00	138A	42.6519	-69.2954	0.0	216	78.71274823	-999.00	276.4477933	25.47949406	0.019490126	0.321964036	0.204984815	0.118133997	0.070244793
20110615	17:51:00	140	42.6098	-68.9532	2.4	206.66	73.24151635	-999.00	326.9111449	40.9513155	0.018547812	0.331055462	0.212137889	0.127284106	0.07693729
20110615	17:50:00	140	42.6098	-68.9532	17.2	206.66	-999	-999.00	618.9109333	87.44150144	0.020059758	0.305955879	0.192063565	0.109564882	0.058999815
20110615	17:46:00	140	42.6098	-68.9532	61.5	206.66	67.59576352	-999.00	105.7767013	6.918379234	0.018453876	0.32950273	0.216279481	0.129315459	0.0756031
20110615	17:46:00	140	42.6098	-68.9532	199.0	206.66	-999	-999.00	-999	-999	0.018779347	0.025646226	0.016481222	0.019946398	0.016227053
20110615	20:38:00	141	42.6009	-68.4483	0.0	215.2	79.23631109	-999.00	270.5144125	28.88473186	0.018653722	0.34104066	0.221179187	0.132327028	0.083423832
20110615	23:52:00	142	42.4440	-68.8957	3.6	216.85	82.39901942	57.98678877	237.397843	25.31083498	0.020384962	0.328367505	0.205258955	0.113194566	0.064275052
20110615	23:51:00	142	42.4440	-68.8957	25.3	216.85	71.95116774	58.60606516	189.6745822	23.18473056	0.018969732	0.35839798	0.228684097	0.133753993	0.077271316
20110615	23:50:00	142	42.4440	-68.8957	41.5	216.85	67.55264969	104.8641345	120.7783321	11.59400003	0.019072113	0.338819725	0.215979162	0.127620427	0.072376779
20110615	23:50:00	142	42.4440	-68.8957	204.0	216.85	49.77006956	254.4850623	-999	-999	0.017811219	0.025167941	0.015963199	0.018800887	0.014909398
20110616	 09:54:00	146	41.7671	-69.5716	4.1	163.2	88.69695432	69.34018916	255.3961213	36.51632605	0.018814191	0.509070321	0.324358212	0.182467195	0.102438885
20110616	 09:52:00	146	41.7671	-69.5716	10.4	163.2	81.45302222	37.98228494	238.0963141	29.34154305	0.018126753	0.483747016	0.315206004	0.185476592	0.107379493
20110616	 09:50:00	146	41.7671	-69.5716	45.1	163.2	74.08759079	158.6848821	142.282379	9.538088201	0.01744126	0.408596876	0.269580839	0.165873155	0.101507467
20110616	 09:50:00	146	41.7671	-69.5716	153.0	163.2	67.61548566	219.8618826	-999	-999	0.018155613	0.286576799	0.189517249	0.117818163	0.06883876
20110616	13:00:00	146.1	42.0072	-69.9392	0.0	48.41	96.92846667	76.09593154	276.4500464	31.59459261	0.018340517	0.637909768	0.411297218	0.235967995	0.135017401
20110616	15:11:00	147	42.0604	-70.2633	3.0	61.8	99.44190556	79.22984537	401.2621372	46.89059211	0.018689706	0.658589834	0.41945363	0.24016062	0.13704489
20110616	15:10:00	147	42.0604	-70.2633	16.6	61.8	92.18435077	89.85137367	346.6373831	42.94242415	0.017926289	0.636303016	0.410732684	0.239393091	0.138716746
20110616	15:08:00	147	42.0604	-70.2633	30.2	61.8	80.30835203	129.1472752	303.5065902	-999	0.017401534	0.618813552	0.408807908	0.245698244	0.147195744
20110616	18:13:00	149	42.1938	-70.4574	2.9	67.05	94.76062563	76.1897613	244.3840712	30.17472393	0.018108091	0.67694997	0.439757438	0.2564227	0.152477652
20110616	18:11:00	149	42.1938	-70.4574	21.1	67.05	95.26331341	91.87809638	211.56369	29.058	0.017340579	0.690131576	0.452101249	0.267644269	0.157662747
20110616	18:09:00	149	42.1938	-70.4574	61.7	67.05	76.43724369	174.9737277	292.4531235	-999	0.018443872	0.471154684	0.30469277	0.180134879	0.101422865
20110616	19:57:00	150	42.4191	-70.6169	0.0	86.18	101.1093726	45.05704849	218.0794089	25.7520897	0.017911664	0.907099056	0.588861262	0.337677665	0.196257331
20110616	23:44:00	152	42.5031	-70.0758	2.6	113.76	-999	-999.00	299.6710333	40.67147004	0.017968401	0.583782592	0.380861728	0.224529637	0.136352136
20110616	23:43:00	152	42.5031	-70.0758	12.1	113.76	82.31910314	83.47095031	185.2294035	-999	0.017954056	0.510289832	0.331082573	0.195135089	0.116459806
20110616	23:41:00	152	42.5031	-70.0758	22.5	113.76	82.87799219	240.2512594	195.8564767	-999	0.017685057	0.51032372	0.336555487	0.20284927	0.119552563
20110616	23:41:00	152	42.5031	-70.0758	108.0	113.76	74.26561396	244.604764	-999	-999	0.017651621	0.024459903	0.016183052	0.018699802	0.014835195
20110617	11:19:00	155	42.8710	-69.9803	2.5	187.9	93.72564415	94.65762796	185.2294035	30.90566268	0.017695322	0.670000189	0.429206413	0.253249138	0.149591193
20110617	11:18:00	155	42.8710	-69.9803	18.7	187.9	-999	-999.00	242.6114878	29.27817134	0.017304283	0.510229004	0.334540156	0.207951127	0.124857171
20110617	11:16:00	155	42.8710	-69.9803	46.2	187.9	-999	-999.00	237.6784643	17.49481984	0.018354849	0.372263465	0.240948998	0.145108132	0.082744696
20110617	15:32:00	156	42.8745	-70.0717	3.0	137.17	93.52019619	94.93749611	228.6933362	30.42741567	0.017951662	0.639104308	0.411963034	0.237919479	0.1386077
20110617	15:30:00	156	42.8745	-70.0717	16.4	137.17	87.72656389	79.42036196	279.7348319	40.01882166	0.017009074	0.553745094	0.361609937	0.224273071	0.137121493
20110617	15:28:00	156	42.8745	-70.0717	25.0	137.17	80.24825838	245.7864295	235.3587352	25.95767111	0.018011972	0.502637982	0.326009159	0.191329273	0.10961183
20110617	23:15:00	161	42.8668	-70.5663	2.5	89.14	100.5054266	169.2580384	275.8587205	32.21779745	0.018094779	0.807945043	0.512321283	0.29344196	0.166191045
20110617	23:13:00	161	42.8668	-70.5663	16.8	89.14	86.59203335	118.1578275	299.6814167	40.01882166	-999	-999	-999	-999	-999
20110617	23:11:00	161	42.8668	-70.5663	32.4	89.14	80.57870914	192.7300587	255.0968178	36.03269437	0.017720042	0.488977617	0.314617337	0.195675148	0.115731227
20110618	11:12:00	169	42.3810	-69.9789	2.7	154	92.45186683	120.7786554	220.7666064	31.38750855	0.018231188	0.49147486	0.318227907	0.187626104	0.110559255
20110618	11:11:00	169	42.3810	-69.9789	10.1	154	77.79931877	140.369426	293.8261234	44.42714304	0.01815203	0.453992643	0.29991218	0.176375231	0.104779397
20110618	11:10:00	169	42.3810	-69.9789	23.7	154	79.59082492	183.2825424	112.8448683	13.27401444	0.017992028	0.446902641	0.287528744	0.171653685	0.098542439
20110618	16:17:00	172	42.2052	-70.2435	2.8	28	98.69748463	97.1142484	370.969144	52.67367452	0.017551395	0.648271843	0.424705775	0.253312733	0.154010885
20110618	16:16:00	172	42.2052	-70.2435	7.4	28	96.93063222	132.6575036	425.4031195	49.68810044	0.017531732	0.637041911	0.423612938	0.247661519	0.151350484
20110618	16:14:00	172	42.2052	-70.2435	11.3	28	80.90569183	167.7965048	253.4636097	31.58002985	0.017282922	0.586324779	0.380719309	0.232839266	0.136352901
20110618	18:13:00	173	42.2032	-70.3458	2.9	46.39	94.99942146	133.3416257	388.6396222	53.31570934	0.018283305	0.629022024	0.397624773	0.23151813	0.128567133
20110618	18:12:00	173	42.2032	-70.3458	11.0	46.39	96.68409468	112.5069967	283.9702933	35.40898636	0.018100134	0.64706262	0.419086641	0.245327287	0.140989675
20110618	18:13:00	173	42.2032	-70.3458	0.0	46.39	-999	-999.00	272.4296765	28.37803902	-999	-999	-999	-999	-999
20110618	23:53:00	176	41.8955	-70.2383	2.6	31.49	104.9020128	112.258225	376.6126071	46.9806394	0.017755177	0.643375912	0.41941631	0.246364837	0.14663917
20110618	23:51:00	176	41.8955	-70.2383	11.5	31.49	98.16331995	110.0814727	415.2349818	-999	0.017395709	0.6593896	0.429526894	0.255482985	0.151746925
20110618	23:50:00	176	41.0895	-70.9738	18.3	31.49	88.48664235	55.67378905	352.3415004	41.03852361	0.017192402	0.659629693	0.436806896	0.26934789	0.160541696
20110619	11:08:00	181	41.0895	-70.9738	3.0	37.5	-999	-999.00	276.2995814	42.26222167	0.018506664	0.438532794	0.280668304	0.166435085	0.096078757
20110619	11:03:00	181	41.0895	-70.9738	20.1	37.5	-999	-999.00	295.6673061	38.14042181	0.017984936	0.417122579	0.269262762	0.162022994	0.095604011
20110619	15:27:00	185	40.7554	-70.9695	2.8	61.15	75.36441568	93.98144207	333.925047	33.49529328	0.02056474	0.267621424	0.164534338	0.092504153	0.04948715
20110619	15:25:00	185	40.7554	-70.9695	17.5	61.15	75.44678999	122.3716694	385.144402	48.21221344	0.018477041	0.338602767	0.219564447	0.131757919	0.075364499
20110619	15:23:00	185	40.7554	-70.9695	25.0	61.15	-999	-999.00	247.1258808	30.39724901	0.018264891	0.367591026	0.237930206	0.146928347	0.082772949
20110619	23:17:00	188	40.2140	-70.7098	2.4	125.1	64.00499913	42.56405891	188.5095411	22.88566634	0.01950191	0.033517732	0.048162685	0.08313958	0.137741477
20110619	23:16:00	188	40.2140	-70.7098	24.4	125.1	-999	-999.00	260.626527	25.74299902	0.018019144	0.045063286	0.06651898	0.115509311	0.178929481
20110619	23:14:00	188	40.2140	-70.7098	39.7	125.1	-999	-999.00	-999	-999	0.019123603	0.033769205	0.051914763	0.100560355	0.166483537
20110620	11:39:00	197	40.9301	-70.2997	2.5	-999	87.65694708	-999.00	240.9756321	30.70789364	0.018522076	0.498664233	0.319300144	0.188343778	0.105073088
20110620	11:39:00	197	40.9301	-70.2997	13.9	-999	80.28343681	-999.00	344.491252	43.22644028	0.018012259	0.483496756	0.314201363	0.187896418	0.108221341
20110620	11:39:00	197	40.9301	-70.2997	0.0	-999	-999	-999.00	200.9347992	23.67803774	-999	-999	-999	-999	-999
20110620	15:46:00	201	41.0704	-70.1955	2.8	28.5	92.56009265	83.83883771	310.7953201	35.97158898	0.018551843	0.519021786	0.327727605	0.196268512	0.111391382
20110620	15:45:00	201	41.0704	-70.1955	14.2	28.5	82.61329153	-999.00	295.256296	31.13047707	0.017694343	0.531221586	0.342253458	0.213900279	0.127171202
20110620	17:39:00	202	40.9271	-70.0061	2.5	23.17	88.26792119	75.05803939	310.7953201	35.97158898	0.017436069	0.555698924	0.363942639	0.220055326	0.130900283
20110620	17:38:00	202	40.9271	-70.0061	14.9	23.17	87.97282639	94.99737887	370.5055037	41.48404989	0.018164007	0.534806559	0.341153359	0.2073775	0.118599182
20110620	17:39:00	202	40.9271	-70.0061	0.0	23.17	-999	-999.00	279.3614062	27.89451508	-999	-999	-999	-999	-999
20110620	23:32:00	206	40.7003	-69.7387	2.5	51.6	84.53552592	78.96864777	388.9340392	39.04444847	0.018478534	0.402646358	0.259379139	0.155216894	0.089141324
20110620	23:31:00	206	40.7003	-69.7387	14.3	51.6	80.12330491	95.74627425	414.1728509	43.24774486	0.017140767	0.453696235	0.299064034	0.18646474	0.112964635
20110621	11:26:00	213	40.4448	-69.0213	2.6	80.24	74.84110812	63.8246087	204.2889495	26.73352377	0.01984548	0.23921957	0.1513048	0.090346114	0.05540197
20110621	11:24:00	213	40.4448	-69.0213	22.8	80.24	73.45416259	84.58773309	289.0755646	33.07205069	0.018986403	0.288820063	0.184498398	0.110342284	0.062232926
20110621	11:23:00	213	40.4448	-69.0213	31.5	80.24	72.27378342	105.2572456	182.4099536	17.04903727	0.017896723	0.31525954	0.20186923	0.130488931	0.07692107
20110621	16:02:00	216	40.7648	-69.0334	2.8	75.2	78.58881199	75.71332285	245.8283146	31.45113015	0.019980429	0.301935922	0.18972006	0.116895825	0.067661107
20110621	16:00:00	216	40.7648	-69.0334	35.7	75.2	74.98865551	90.6163409	241.5089873	29.86096763	0.017885974	0.322634708	0.206980331	0.137760503	0.082348577
20110621	18:27:00	218	40.9724	-69.0199	3	83.43	78.98804744	128.2969399	236.5290772	25.6503099	0.018328642	0.395611889	0.254859629	0.157478385	0.091641988
20110621	18:25:00	218	40.9724	-69.0199	20.2	83.43	75.87393989	117.3893507	189.7534693	21.47972641	0.018349933	0.389049433	0.245383542	0.153856435	0.087461688
20110621	22:18:00	220	41.1561	-69.1317	2.8	104.2	85.13991638	64.70456077	263.3735025	28.40294554	0.019049906	0.434816349	0.263099565	0.158992619	0.094375073
20110621	22:17:00	220	41.1561	-69.1317	18.4	104.2	81.59877887	111.9224144	381.1320374	44.13841565	0.017540948	0.44504075	0.297669805	0.188418835	0.120112461
20110621	22:16:00	220	41.1561	-69.1317	27.1	104.2	79.53311532	116.1162286	268.4708917	35.37471181	0.018519132	0.4117768	0.270353871	0.161194786	0.099444167
20110621	22:16:00	220	41.1561	-69.1317	98.0	104.2	73.80827634	163.8957538	-999	-999	0.018215438	0.400147692	0.2593452	0.15974078	0.095406026
